    0.1843    5.0000
    1.1960    5.0100
    0.9678    5.0200
    0.7536    5.0300
    0.6011    5.0400
    0.2308    5.0500
    0.5424    5.0600
    1.6110    5.0700
   -0.2108    5.0800
    0.5815    5.0900
    0.9056    5.1000
    1.1741    5.1100
    0.3081    5.1200
    1.5645    5.1300
    1.7649    5.1400
    1.0299    5.1500
    1.4704    5.1600
    1.0932    5.1700
    2.6123    5.1800
    2.0868    5.1900
    1.8746    5.2000
    1.6373    5.2100
    2.2493    5.2200
    3.1421    5.2300
    2.5376    5.2400
    2.6766    5.2500
    1.9998    5.2600
    2.7831    5.2700
    3.1881    5.2800
    2.2093    5.2900
    3.5641    5.3000
    4.3327    5.3100
    2.4210    5.3200
    2.2667    5.3300
    3.3637    5.3400
    3.8796    5.3500
    3.5592    5.3600
    3.6208    5.3700
    3.8032    5.3800
    3.3677    5.3900
    3.1780    5.4000
    4.8908    5.4100
    4.3463    5.4200
    3.7062    5.4300
    4.9380    5.4400
    3.8513    5.4500
    4.5391    5.4600
    5.0704    5.4700
    4.3796    5.4800
    4.7253    5.4900
    5.0148    5.5000
    6.0762    5.5100
    5.4295    5.5200
    5.1003    5.5300
    5.2873    5.5400
    5.3599    5.5500
    6.2534    5.5600
    5.5578    5.5700
    5.4041    5.5800
    6.0203    5.5900
    5.9527    5.6000
    6.4966    5.6100
    6.6797    5.6200
    6.8436    5.6300
    6.7236    5.6400
    6.8163    5.6500
    7.5516    5.6600
    6.1200    5.6700
    6.6263    5.6800
    6.0525    5.6900
    7.4597    5.7000
    7.1108    5.7100
    7.0503    5.7200
    6.4395    5.7300
    7.4917    5.7400
    7.3701    5.7500
    6.9226    5.7600
    7.1213    5.7700
    7.4190    5.7800
    7.7749    5.7900
    7.1756    5.8000
    8.0090    5.8100
    8.5078    5.8200
    8.1117    5.8300
    8.0510    5.8400
    8.6521    5.8500
    9.1505    5.8600
    8.4767    5.8700
    8.5666    5.8800
    8.1821    5.8900
    8.5111    5.9000
    9.4029    5.9100
    9.1432    5.9200
    9.6823    5.9300
    9.7349    5.9400
    9.6879    5.9500
    9.9833    5.9600
   10.4617    5.9700
   10.0884    5.9800
   10.1130    5.9900
    9.9785    6.0000
    4.8758    3.0000
    4.9795    3.0600
    5.0926    3.1200
    4.9789    3.1800
    5.1668    3.2400
    5.1823    3.3000
    5.1900    3.3600
    5.2401    3.4200
    5.2424    3.4800
    5.2678    3.5400
    5.2991    3.6000
    5.4229    3.6600
    5.3510    3.7200
    5.1259    3.7800
    5.3714    3.8400
    5.4696    3.9000
    5.5760    3.9600
    5.6480    4.0200
    5.4459    4.0800
    5.6461    4.1400
    5.6238    4.2000
    5.6092    4.2600
    5.6625    4.3200
    5.6872    4.3800
    5.7340    4.4400
    5.7738    4.5000
    5.7128    4.5600
    5.7055    4.6200
    5.9366    4.6800
    5.8480    4.7400
    6.0415    4.8000
    5.8376    4.8600
    5.9006    4.9200
    6.1321    4.9800
    6.1608    5.0400
    5.9471    5.1000
    6.1007    5.1600
    6.2441    5.2200
    6.2733    5.2800
    6.0415    5.3400
    6.3618    5.4000
    6.2962    5.4600
    6.2827    5.5200
    6.2674    5.5800
    6.2234    5.6400
    6.3595    5.7000
    6.3543    5.7600
    6.6410    5.8200
    6.4590    5.8800
    6.4527    5.9400
    6.4986    6.0000
    6.4687    6.0600
    6.7672    6.1200
    6.6537    6.1800
    6.6275    6.2400
    6.7623    6.3000
    6.6767    6.3600
    6.7002    6.4200
    6.6843    6.4800
    6.7085    6.5400
    6.9605    6.6000
    6.9068    6.6600
    6.8687    6.7200
    7.0604    6.7800
    6.9224    6.8400
    6.9790    6.9000
    6.8380    6.9600
    7.0575    7.0200
    6.8953    7.0800
    6.9712    7.1400
    7.1949    7.2000
    7.1651    7.2600
    7.0728    7.3200
    7.1502    7.3800
    7.2456    7.4400
    7.2720    7.5000
    7.1089    7.5600
    7.1894    7.6200
    7.1627    7.6800
    7.3628    7.7400
    7.2279    7.8000
    7.5002    7.8600
    7.3595    7.9200
    7.3794    7.9800
    7.6991    8.0400
    7.7662    8.1000
    7.4981    8.1600
    7.6063    8.2200
    7.8363    8.2800
    7.6160    8.3400
    7.8718    8.4000
    7.8120    8.4600
    7.7656    8.5200
    7.7547    8.5800
    7.9893    8.6400
    7.9211    8.7000
    7.8167    8.7600
    7.9493    8.8200
    7.8522    8.8800
    7.9849    8.9400
    8.1532    9.0000
    3.0532    6.0000
    2.9640    6.3980
    3.1148    6.5600
    3.0502    6.6823
    3.3619    6.7838
    3.0206    6.8718
    3.1740    6.9499
    3.3571    7.0206
    3.2380    7.0852
    3.3618    7.1447
    3.4655    7.2000
    3.5658    7.2516
    3.3873    7.2998
    3.5030    7.3452
    3.5128    7.3879
    3.5886    7.4283
    3.6769    7.4664
    3.6181    7.5025
    3.8000    7.5367
    3.8027    7.5692
    3.7528    7.6000
    3.8676    7.6292
    3.9784    7.6570
    4.0193    7.6833
    4.0268    7.7083
    3.9935    7.7321
    3.9780    7.7545
    4.1024    7.7758
    4.0734    7.7960
    4.1268    7.8150
    4.2925    7.8330
    4.3847    7.8500
    4.3396    7.8659
    4.5253    7.8809
    4.2071    7.8948
    4.4023    7.9079
    4.4495    7.9200
    4.6415    7.9312
    4.5701    7.9415
    4.5276    7.9510
    4.6554    7.9596
    4.7042    7.9673
    4.6983    7.9742
    4.5173    7.9803
    4.8623    7.9855
    4.4508    7.9900
    4.8509    7.9936
    4.7249    7.9964
    4.8845    7.9984
    5.0999    7.9996
    4.9487    8.0000
    5.2317    7.9996
    5.1578    7.9984
    5.0954    7.9964
    5.0696    7.9936
    5.1504    7.9900
    5.2774    7.9855
    5.0429    7.9803
    5.3815    7.9742
    5.3879    7.9673
    5.4819    7.9596
    5.6448    7.9510
    5.4476    7.9415
    5.4219    7.9312
    5.6780    7.9200
    5.6895    7.9079
    5.6257    7.8948
    5.6207    7.8809
    5.7449    7.8659
    5.6470    7.8500
    5.8066    7.8330
    5.7762    7.8150
    5.7981    7.7960
    6.0168    7.7758
    5.9630    7.7545
    6.1351    7.7321
    5.9314    7.7083
    6.1040    7.6833
    6.0154    7.6570
    6.2219    7.6292
    6.3305    7.6000
    6.3423    7.5692
    6.0685    7.5367
    6.3882    7.5025
    6.3609    7.4664
    6.4334    7.4283
    6.3853    7.3879
    6.3149    7.3452
    6.6093    7.2998
    6.5093    7.2516
    6.5670    7.2000
    6.6568    7.1447
    6.9337    7.0852
    6.9494    7.0206
    6.6281    6.9499
    6.7526    6.8718
    6.9387    6.7838
    6.6727    6.6823
    7.0444    6.5600
    6.9285    6.3980
    7.1399    6.0000
    2.9652    6.0000
    2.8718    5.6020
    3.3462    5.4400
    3.1090    5.3177
    3.3310    5.2162
    2.9173    5.1282
    3.2844    5.0501
    3.3914    4.9794
    3.0116    4.9148
    3.2715    4.8553
    3.7625    4.8000
    3.5646    4.7484
    3.1873    4.7002
    3.4142    4.6548
    3.4708    4.6121
    3.6580    4.5717
    3.6607    4.5336
    3.6283    4.4975
    3.7982    4.4633
    3.7066    4.4308
    3.8700    4.4000
    3.8311    4.3708
    3.9321    4.3430
    4.0388    4.3167
    4.0201    4.2917
    3.9413    4.2679
    3.9907    4.2455
    4.3137    4.2242
    4.1275    4.2040
    4.0613    4.1850
    4.2055    4.1670
    4.3608    4.1500
    4.1820    4.1341
    4.7079    4.1191
    4.2275    4.1052
    4.2859    4.0921
    4.4616    4.0800
    4.4971    4.0688
    4.6284    4.0585
    4.5095    4.0490
    4.6596    4.0404
    4.7404    4.0327
    4.7836    4.0258
    4.4363    4.0197
    4.7156    4.0145
    4.4405    4.0100
    4.7687    4.0064
    4.7674    4.0036
    4.6990    4.0016
    5.1857    4.0004
    4.9793    4.0000
    5.1206    4.0004
    5.1261    4.0016
    5.1791    4.0036
    5.3123    4.0064
    5.1153    4.0100
    5.4156    4.0145
    4.9569    4.0197
    5.4022    4.0258
    5.3672    4.0327
    5.5159    4.0404
    5.5949    4.0490
    5.3055    4.0585
    5.3949    4.0688
    5.7219    4.0800
    5.6388    4.0921
    5.6073    4.1052
    5.6609    4.1191
    5.7988    4.1341
    5.5737    4.1500
    5.7798    4.1670
    5.8633    4.1850
    5.8311    4.2040
    5.8820    4.2242
    6.1178    4.2455
    6.0734    4.2679
    5.8615    4.2917
    5.9617    4.3167
    6.0044    4.3430
    6.2116    4.3708
    6.2982    4.4000
    6.2584    4.4308
    5.9024    4.4633
    6.6894    4.4975
    6.5110    4.5336
    6.3975    4.5717
    6.3738    4.6121
    6.3508    4.6548
    6.6081    4.7002
    6.4523    4.7484
    6.6604    4.8000
    6.5430    4.8553
    7.1294    4.9148
    6.7730    4.9794
    6.5958    5.0501
    6.8398    5.1282
    6.9505    5.2162
    6.5224    5.3177
    7.1366    5.4400
    6.9448    5.6020
    7.0585    6.0000
    6.9033    8.0000
    7.2489    8.3980
    7.4771    8.5600
    7.4432    8.6823
    7.5225    8.7838
    7.5906    8.8718
    7.5755    8.9499
    7.7959    9.0206
    7.6982    9.0852
    7.8685    9.1447
    7.9239    9.2000
    8.0465    9.2516
    7.8713    9.2998
    8.1492    9.3452
    8.1055    9.3879
    8.1012    9.4283
    8.2236    9.4664
    8.2794    9.5025
    8.2776    9.5367
    8.2503    9.5692
    8.4537    9.6000
    8.4261    9.6292
    8.4039    9.6570
    8.5569    9.6833
    8.5359    9.7083
    8.4650    9.7321
    8.6128    9.7545
    8.4913    9.7758
    8.5655    9.7960
    8.6683    9.8150
    8.7110    9.8330
    8.7155    9.8500
    8.6155    9.8659
    8.8112    9.8809
    8.8622    9.8948
    8.8790    9.9079
    8.7926    9.9200
    8.8249    9.9312
    8.8065    9.9415
    8.9054    9.9510
    8.9247    9.9596
    8.8794    9.9673
    9.0027    9.9742
    9.0157    9.9803
    9.0201    9.9855
    8.9481    9.9900
    8.9269    9.9936
    9.0657    9.9964
    9.1293    9.9984
    8.9721    9.9996
    8.9276   10.0000
    9.1670    9.9996
    9.0851    9.9984
    9.1733    9.9964
    9.1716    9.9936
    9.0438    9.9900
    9.1019    9.9855
    9.0851    9.9803
    9.1561    9.9742
    9.2247    9.9673
    9.1619    9.9596
    9.0332    9.9510
    9.2463    9.9415
    9.1738    9.9312
    9.1487    9.9200
    9.0492    9.9079
    9.2059    9.8948
    9.1994    9.8809
    9.2060    9.8659
    9.1177    9.8500
    9.1386    9.8330
    9.1254    9.8150
    9.2916    9.7960
    9.1257    9.7758
    9.1604    9.7545
    9.1120    9.7321
    9.2183    9.7083
    9.1536    9.6833
    9.1508    9.6570
    9.1956    9.6292
    9.1688    9.6000
    9.1641    9.5692
    8.9692    9.5367
    9.1016    9.5025
    9.1323    9.4664
    9.0766    9.4283
    9.0919    9.3879
    9.1470    9.3452
    9.0696    9.2998
    8.8964    9.2516
    8.8869    9.2000
    8.9003    9.1447
    8.8337    9.0852
    8.8308    9.0206
    8.8696    8.9499
    8.7112    8.8718
    8.6702    8.7838
    8.6070    8.6823
    8.5801    8.5600
    8.4885    8.3980
    8.1158    8.0000
    6.9033    8.0000
    6.6266    7.6020
    6.6015    7.4400
    6.3762    7.3177
    6.2968    7.2162
    6.2274    7.1282
    6.0901    7.0501
    6.2000    6.9794
    6.0014    6.9148
    6.0786    6.8553
    6.0475    6.8000
    6.0895    6.7484
    5.8387    6.7002
    6.0458    6.6548
    5.9352    6.6121
    5.8679    6.5717
    5.9306    6.5336
    5.9300    6.4975
    5.8747    6.4633
    5.7966    6.4308
    5.9518    6.4000
    5.8785    6.3708
    5.8129    6.3430
    5.9247    6.3167
    5.8647    6.2917
    5.7567    6.2679
    5.8693    6.2455
    5.7145    6.2242
    5.7572    6.2040
    5.8302    6.1850
    5.8448    6.1670
    5.8227    6.1500
    5.6978    6.1341
    5.8702    6.1191
    5.8993    6.1052
    5.8957    6.0921
    5.7904    6.0800
    5.8051    6.0688
    5.7706    6.0585
    5.8547    6.0490
    5.8606    6.0404
    5.8032    6.0327
    5.9157    6.0258
    5.9192    6.0197
    5.9154    6.0145
    5.8365    6.0100
    5.8096    6.0064
    5.9440    6.0036
    6.0045    6.0016
    5.8454    6.0004
    5.8003    6.0000
    6.0403    6.0004
    5.9603    6.0016
    6.0516    6.0036
    6.0543    6.0064
    5.9322    6.0100
    5.9972    6.0145
    5.9886    6.0197
    6.0691    6.0258
    6.1485    6.0327
    6.0977    6.0404
    5.9825    6.0490
    6.2103    6.0585
    6.1540    6.0688
    6.1464    6.0800
    6.0659    6.0921
    6.2430    6.1052
    6.2584    6.1191
    6.2884    6.1341
    6.2250    6.1500
    6.2724    6.1670
    6.2873    6.1850
    6.4833    6.2040
    6.3489    6.2242
    6.4169    6.2455
    6.4037    6.2679
    6.5470    6.2917
    6.5215    6.3167
    6.5598    6.3430
    6.6480    6.3708
    6.6669    6.4000
    6.7103    6.4308
    6.5662    6.4633
    6.7521    6.4975
    6.8394    6.5336
    6.8432    6.5717
    6.9216    6.6121
    7.0435    6.6548
    7.0371    6.7002
    6.9394    6.7484
    7.0105    6.8000
    7.1103    6.8553
    7.1369    6.9148
    7.2350    6.9794
    7.3842    7.0501
    7.3481    7.1282
    7.4446    7.2162
    7.5400    7.3177
    7.7044    7.4400
    7.8661    7.6020
    8.1158    8.0000